1799.,1327.,2025.,2004.,2193.,2131.,1825.,1981.
